11100010011000001110000000001000
11100010011000001101000000000100
11100010011000000110000001101011
11100010010001100110000001101110
11100010000001100110000000000001
11100010010001100110000001000010
11100010000001100110000000000001
11100010010001100110000000011000
11100000000011101100000000001101
11100000000011101100000000001101
11100010001011101011000000000100
11100000010011101000000000001101
11100010011000000010000000000110
11100000100111100000000000001110
11100100000111010111000100100000
11100100000011101101000100100000
11100011000011101010000001011011
11100001001011101001000000001101
11100001010001100101000000000000
11100001011001100000000000000000
11100011100001100001000000000000